400 320 3 1 0 0 0 1
0
360 320 3 1 0 0 0 1
0
3
720 52 3 1 253
0
78 40 3 3 154
1
135 55 3
567 270 3 2 201
1
396 285 2
33
120 80 40 40 0 0 2 0 -1
160 80 40 40 0 0 2 0 -1
200 80 40 40 0 0 2 0 -1
240 80 40 40 0 0 2 0 -1
280 80 40 40 0 0 2 0 -1
320 80 40 40 0 0 2 0 -1
360 80 40 40 0 0 2 0 -1
400 80 40 40 0 0 2 0 -1
440 80 40 40 0 0 2 0 -1
480 80 40 40 0 0 2 0 -1
520 80 40 40 0 0 2 0 -1
560 80 40 40 0 0 2 0 -1
600 80 40 40 0 0 2 0 -1
640 80 40 40 0 0 2 0 -1
360 200 40 40 0 1 2 0 -1
400 200 40 40 0 1 2 0 -1
360 240 40 40 0 1 2 0 -1
400 240 40 40 0 1 2 0 -1
360 280 40 40 0 1 2 0 -1
400 280 40 40 0 1 2 0 -1
120 440 40 40 1 0 2 0 -1
160 440 40 40 1 0 2 0 -1
200 440 40 40 1 0 2 0 -1
240 440 40 40 1 0 2 0 -1
280 440 40 40 1 0 2 0 -1
320 440 40 40 1 0 2 0 -1
360 440 40 40 1 0 2 0 -1
400 440 40 40 1 0 2 0 -1
440 440 40 40 1 0 2 0 -1
480 440 40 40 1 0 2 0 -1
520 440 40 40 1 0 2 0 -1
560 440 40 40 1 0 2 0 -1
600 440 40 40 1 0 2 0 -1
1
