468 365 3 1 0 3 1 1
0
119 320 2 1 0 1 0 1
0
3
282 80 3 3 165
0
40 500 3 1 245
0
680 231 3 1 198
0
0
57
360 80 40 40 0 1 2 0 -1
400 80 40 40 0 0 2 0 -1
440 80 40 40 0 0 2 0 -1
480 80 40 40 1 0 2 0 -1
520 80 40 40 1 0 2 0 -1
560 80 40 40 1 0 2 0 -1
120 120 40 40 0 1 2 0 -1
160 120 40 40 0 0 2 0 -1
200 120 40 40 0 0 2 0 -1
360 120 40 40 0 1 2 0 -1
600 120 40 40 0 0 2 0 -1
120 160 40 40 0 1 2 0 -1
360 160 40 40 0 0 2 0 -1
600 160 40 40 0 0 2 0 -1
640 160 40 40 0 0 2 0 -1
120 200 40 40 1 0 2 0 -1
360 200 40 40 1 0 2 0 -1
640 200 40 40 1 0 2 0 -1
120 240 40 40 1 0 2 0 -1
360 240 40 40 1 0 2 0 -1
640 240 40 40 1 0 2 0 -1
120 280 20 40 1 0 1 1 2
280 280 40 40 1 0 2 0 -1
360 280 40 40 0 1 2 0 -1
400 280 40 40 0 1 2 0 -1
440 280 40 40 0 1 2 0 -1
480 280 40 40 1 0 2 0 -1
520 280 40 40 1 0 2 0 -1
560 280 40 40 0 0 2 0 -1
600 280 40 40 0 0 2 0 -1
640 280 40 40 0 0 2 0 -1
200 320 40 40 0 1 2 0 -1
240 320 40 40 0 1 2 0 -1
600 320 40 40 0 0 2 0 -1
40 360 40 40 0 0 2 0 -1
80 360 40 40 0 0 2 0 -1
160 360 40 40 1 0 2 0 -1
560 360 40 40 1 0 2 0 -1
600 360 40 40 0 0 2 0 -1
180 400 20 40 1 0 1 1 3
200 400 40 40 1 0 2 0 -1
560 400 40 40 1 0 2 0 -1
600 400 40 40 0 0 2 0 -1
160 440 40 40 0 0 2 0 -1
200 440 40 40 0 0 2 0 -1
240 440 40 40 1 0 2 0 -1
320 460 40 20 1 0 1 1 1
440 440 40 40 0 1 2 0 -1
480 440 40 40 1 0 2 0 -1
520 440 40 40 1 0 2 0 -1
560 440 40 40 1 0 2 0 -1
600 440 40 40 1 0 2 0 -1
640 460 40 20 1 0 1 1 1
680 440 40 40 0 1 2 0 -1
720 440 40 40 0 1 2 0 -1
320 480 40 40 0 1 2 0 -1
320 520 40 40 0 1 2 0 -1
1
